55.93
49.57
54.08
52.34
54.6
59.53
54.44
55.37
51.61
58.81
55.96
45.09
52.77
48.49
49.55
47.55
48.27
55
58.07
46.07
59.6
49.54
50.81
50.63
54.89
59.5
51.25
57.45
52.98
53.07
48.43
56.72
52.09
45.94
56.4
59.33
50.08
48.98
55.6
47.82
45.33
46.45
46.49
56.05
59.92
52.42
59.4
45.31
57.54
56.17
46.98
48.7
45.2
47.67
58.81
57.9
50.41
46.78
59.11
46.05
47.75
52.67
51.92
54.32
59.24
54.08
50.63
48.52
49.84
46.79
52.07
51.57
46.66
47.11
57.63
52.21
47.82
48.94
53.36
49.01
54.41
49.25
47.18
54.55
47.99
50.77
57.21
56.48
53.45
56.32
46.25
58.43
58.14
56.56
58.64
59.27
48.98
58.99
57.99
45.13
59.43
58.58
49.92
51.65
50.96
45.99
54.55
52.61
45.56
53.97
51.16
57.03
50.37
46.2
59.47
52.63
58.05
53.07
59.96
54.16
50.02
50.11
57.49
54.76
58.21
45.21
46.11
47.74
57.04
49.13
59.17
50.51
47.45
46.87
48.81
45.42
54.47
52.52
57.26
53.16
49.51
57.03
52.75
55.5
45.97
53.89
59.13
46.45
48.76
53.64
45.95
59.3
55.8
45.84
54.97
46.3
57.79
59.9
56
54.21
47.7
53.85
50.07
46.9
48.33
54.16
45.41
47.14
53.18
59.08
48.11
54.8
56.74
46.19
57.88
49.68
49.41
49.82
58.77
47.97
34.4
28.13
22.8
24.23
31.14
24.23
33.35
28.21
31.63
25.57
32.07
28.99
34.25
32.13
28.17
33.44
27.06
23.85
26.18
28.14
23.41
29.84
24.51
34.54
32.65
27.73
31.94
31.11
22.71
30.57
33.13
33.24
34.99
25.78
24.36
29.05
28.93
28.61
25.38
21.75
33.77
23.96
30.6
20.01
34.6
24.75
24.01
30.75
21.51
34.13
34.88
23.35
23.89
22.32
28.9
30.14
23.45
27.61
25.21
22.57
34.25
26.49
33.97
33.04
31.86
25.66
33.86
28.03
30.53
23.91
29.32
25.3
26.67
26.05
21.68
32.94
20.32
27.46
23.25
26.91
29.11
22.16
22.97
30.54
32.68
29.22
30.09
22.12
23.21
33.6
22.66
27.37
34.94
28.34
27.4
28.93
27.57
28.19
29.92
31.14
24.47
26.65
33.02
23.29
25.31
22.86
32.23
32.4
31.24
21.45
31.57
29.48
25.18
31.25
21.72
32.98
20.3
31.58
27.97
25.89
28.01
29.8
24.57
33.94
21.86
26.36
24.11
33.57
33.58
34.5
23.72
32.75
27.69
32.27
26.8
33.66
27.59
25
21.72
29.63
27.34
34.4
20.45
25.1
26.74
29.09
26.14
32
34.25
25.37
27.5
29.53
26.94
29.5
26.42
25.35
31.48
27.8
34.05
34.8
34.87
23.59
29.11
25.77
31.17
27.42
20.14
34.64
33.17
32.01
32.02
21.7
27.79
29.1
32.86
34.53
25.58
23.65
29.97
31.89
22.77
1.13
5.61
8.07
1.52
6.01
14.33
3.43
21.99
15.65
1.18
7.59
22.55
1.09
16.85
9.05
2.59
8.52
19.72
15.54
6.29
22.33
23.7
14.79
23.93
23.74
20.67
10.32
1.64
1.23
6.34
3.41
1.63
8.06
19.56
16.5
4.76
19.11
21.92
11.6
12.02
21.9
14.77
20.31
7.51
20.57
21.06
12.08
6.19
11.71
5.66
2.77
13.16
8.81
18.36
10.16
16.06
0.19
2.92
12.58
18.75
16.83
24.93
8.04
10.9
7.59
6.69
2.07
7.15
15.36
24.09
9.18
13.52
19.69
2.01
6.98
8.12
19.89
7.72
3.84
6.33
15.34
14.12
15.63
14.54
5.6
21.24
18.07
7.05
14.39
1.73
18.8
21.21
9.97
24.48
20.32
22.57
0.54
22.54
12.26
9.51
1.76
12.43
10.9
23.47
21.88
14.43
18.69
6.61
23.42
22.29
15.47
18.66
13.5
9.71
6.8
22.73
15.74
19.55
19.69
31.6
54.81
3.13
28.78
27.37
50
19.65
52
25.09
13.01
0.74
12.12
15.32
33.44
48.95
12.93
50.02
54.73
58.35
19.73
24.14
20.18
58.1
47.67
49.31
23.07
28.44
53.33
31.34
31.71
57.62
59.6
29.72
52.1
27.78
5.33
2.96
10.88
23.35
23.23
15.21
23.31
50.69
47.24
34.82
49.93
20.68
9.42
25.32
48.65
52.75
49.28
48.13
27.24
18.68
4.55
22.7
46.36
18.33
34
23.29
27.99
34.64
23.94
56.04
48.77
27.45
15.03
8.8
50.7
20.6
54.98
2.58
14.29
31.65
55.06
50.98
52.6
25.77
6.31
19.63
21.33
53.87
20.81
29.35
59.37
34.32
46.62
23.37
52.54
4.52
19.36
56.84
56.78
26.92
32.04
51.67
21.83
12.82
17.05
58.73
46.69
21.1
20.14
30.78
48.03
15.03
49.63
47.86
50.22
6.25
58.9
21.9
51.39
13.65
54.43
45.26
16.83
19.69
31.6
